version https://git-lfs.github.com/spec/v1
oid sha256:dcfb7e67c3bebb325f79267c0304219bbc997f94dbe33b8732940f748af9b8b1
size 398328
